01 00E0 00e1
02 00E1 00E0 00e2 00e3
03 00E2 00e4 00e5
04 EALC 00E1 00E2
05 ALCO EALC 00e6
06 00E7 00e7 00e8
07 00E3 00E2 00E7 
08 EMAR 00E3 00e9
09 MARI EMAR 0e10
10 EHER 00E0 0e11 0e12
11 HERO EHER 0e13
12 00E5 00e2 00e3 00e8
13 00E6 0e14 0e15
14 ESET 00E5 00E6
15 SETA ESET 0e16
16 00E8 00E7 00e9
17 ELSD 00E6 00E8
18 LSDD 0e17 ELSD
19 00E9 0e14 00e1
20 0E11 00E9 0e11
21 0E10 0e19 0e18
22 ECOC 0E11 0E10
23 COCA ECOC 0e20
24 0E12 00e1 00e8 0e12
25 EMET 0E10 0E12
26 META EMET 0e12